     0/299     0.96G   0.08822    0.1017   0.09193    0.2819       171       640   0.04929   0.01307   0.01422  0.005058    0.0758    0.0901   0.08047
     1/299      6.4G   0.07285    0.1018   0.07342    0.2481       161       640    0.1577    0.1032   0.07946   0.03397   0.06634   0.08663   0.06041
     2/299     8.42G   0.06842   0.09932    0.0611    0.2288       243       640    0.2591    0.1969    0.1486   0.06955    0.0618   0.08422    0.0495
     3/299     8.42G   0.06517    0.0978   0.05435    0.2173       192       640    0.2541    0.2724    0.2057    0.1038   0.05892   0.08208   0.04356
     4/299     8.42G   0.06301   0.09678   0.05006    0.2099       176       640    0.2524    0.3248    0.2462    0.1282   0.05706   0.08083   0.04001
     5/299     8.42G   0.06169   0.09606    0.0474    0.2052       259       640     0.274    0.3574     0.273    0.1454   0.05596   0.08004   0.03778
     6/299     8.42G   0.06076   0.09527   0.04542    0.2014       240       640    0.2779    0.3761    0.2898     0.157   0.05521    0.0794   0.03635
     7/299     8.42G   0.06002   0.09482   0.04392    0.1988       249       640    0.2871    0.3861     0.302    0.1649   0.05469   0.07896   0.03541
     8/299     8.42G   0.05944   0.09425   0.04275    0.1964       168       640    0.2963    0.3911    0.3103    0.1698   0.05434   0.07865   0.03474
     9/299     8.42G   0.05896   0.09401   0.04195    0.1949       234       640    0.3073    0.3935    0.3172    0.1744   0.05408    0.0784   0.03425
    10/299     8.42G    0.0586   0.09345   0.04104    0.1931       208       640    0.3218    0.3929    0.3238    0.1787   0.05386   0.07822   0.03385
    11/299     8.42G   0.05827   0.09289   0.04047    0.1916       180       640    0.3355    0.3904    0.3287    0.1822   0.05367   0.07812    0.0335
    12/299     8.42G   0.05793   0.09287   0.03998    0.1908       268       640    0.3518    0.3877    0.3331     0.186   0.05349    0.0781   0.03318
    13/299     8.42G    0.0577   0.09277    0.0394    0.1899       260       640    0.3699     0.386    0.3373    0.1884   0.05332   0.07812   0.03288
    14/299     8.42G   0.05746   0.09222   0.03904    0.1887       197       640    0.3842    0.3831    0.3423    0.1921   0.05316   0.07819   0.03257
    15/299     1.01G   0.05824   0.09323   0.04042    0.1919       171       640    0.2927    0.3774    0.2983      0.15   0.05669   0.08052   0.03608
    16/299      6.4G   0.05804   0.09296   0.04003     0.191       161       640    0.2928    0.4046    0.3137    0.1635   0.05536   0.07992   0.03556
    17/299     6.95G    0.0577   0.09234   0.03929    0.1893       243       640    0.2935    0.4287    0.3408    0.1846    0.0539   0.07828   0.03267
    18/299     6.95G   0.05739   0.09202   0.03888    0.1883       192       640    0.3029    0.4525     0.363    0.2007    0.0529   0.07736   0.03121
    19/299     6.95G   0.05718   0.09199   0.03851    0.1877       176       640    0.3107     0.465    0.3767    0.2121    0.0522   0.07656   0.03017
    20/299     6.95G   0.05698   0.09195   0.03815    0.1871       259       640    0.3026     0.473    0.3852    0.2205   0.05158   0.07604   0.02958
    21/299     6.95G   0.05679   0.09167    0.0378    0.1863       240       640    0.3086    0.4878    0.3963    0.2284    0.0511   0.07549   0.02883
    22/299     6.95G   0.05664   0.09163   0.03746    0.1857       249       640    0.3038    0.4932    0.4018    0.2326   0.05081   0.07521   0.02838
    23/299     6.95G   0.05649   0.09138   0.03723    0.1851       168       640    0.3063    0.5022    0.4066     0.236   0.05059   0.07501   0.02808
    24/299     6.95G   0.05638   0.09144   0.03708    0.1849       234       640    0.3077    0.5061    0.4106    0.2381   0.05044   0.07491   0.02787
    25/299     6.95G   0.05627   0.09117   0.03675    0.1842       208       640    0.3092    0.5067    0.4127      0.24   0.05033   0.07479   0.02773
    26/299     6.95G   0.05617   0.09077   0.03668    0.1836       180       640    0.3113    0.5072     0.414    0.2411   0.05025   0.07469   0.02765
    27/299     6.95G   0.05605   0.09092   0.03653    0.1835       268       640    0.3158     0.507    0.4159    0.2424   0.05016    0.0746   0.02755
    28/299     6.95G   0.05595   0.09095   0.03625    0.1831       260       640    0.3208    0.5069    0.4181    0.2439   0.05009   0.07451   0.02746
    29/299     6.95G   0.05584   0.09056   0.03621    0.1826       197       640    0.3271    0.5059    0.4194    0.2449   0.05004   0.07442   0.02737
    30/299     6.95G   0.05578    0.0906    0.0361    0.1825       227       640    0.3298    0.5055    0.4211    0.2464   0.04997   0.07433   0.02726
    31/299     6.95G   0.05564    0.0905   0.03593    0.1821       209       640    0.3337    0.5043    0.4227    0.2477   0.04992   0.07424   0.02718
    32/299     6.95G   0.05567   0.09044   0.03583    0.1819       191       640    0.3371    0.5027    0.4239     0.249   0.04987   0.07416   0.02711
    33/299     6.95G   0.05552   0.09016   0.03564    0.1813       201       640     0.341    0.5013     0.425    0.2497    0.0498   0.07411   0.02702
    34/299     6.95G   0.05548   0.09013   0.03556    0.1812       152       640    0.3442    0.4997    0.4255    0.2506   0.04974   0.07407   0.02694
    35/299     6.95G   0.05545   0.09014   0.03548    0.1811       184       640    0.3471       0.5     0.428    0.2518   0.04967   0.07401   0.02683
    36/299     6.95G   0.05533    0.0902   0.03534    0.1809       179       640      0.35    0.5008    0.4295    0.2535   0.04962   0.07396   0.02674
    37/299     6.95G   0.05524   0.09019   0.03522    0.1806       223       640     0.353    0.5021    0.4317    0.2544   0.04956   0.07387   0.02664
    38/299     6.95G    0.0552   0.09006   0.03511    0.1804       205       640    0.3545    0.5032    0.4326    0.2558    0.0495   0.07378   0.02656
    39/299     6.95G    0.0551   0.09008   0.03498    0.1802       219       640    0.3566    0.5049    0.4347    0.2572   0.04943   0.07373    0.0265
    40/299     6.95G   0.05509   0.08994   0.03489    0.1799       169       640    0.3584     0.505    0.4362    0.2586   0.04936   0.07367   0.02641
    41/299     6.95G   0.05505   0.08985   0.03488    0.1798       281       640    0.3595    0.5062    0.4374    0.2597   0.04929   0.07361   0.02634
    42/299     6.95G   0.05494   0.08975   0.03471    0.1794       196       640    0.3602    0.5073    0.4389    0.2614   0.04923   0.07353   0.02626
    43/299     6.95G   0.05492   0.08965    0.0347    0.1793       268       640     0.362    0.5097    0.4403    0.2627   0.04919   0.07346   0.02618
    44/299     6.95G   0.05485   0.08961   0.03462    0.1791       199       640    0.3637    0.5107    0.4415     0.263   0.04913   0.07339    0.0261
    45/299     6.95G   0.05479   0.08971   0.03441    0.1789       212       640    0.3614    0.5116     0.443    0.2641   0.04908   0.07333     0.026
    46/299     6.95G   0.05479   0.08957   0.03438    0.1787       214       640    0.3623    0.5128    0.4442     0.265   0.04901   0.07326    0.0259
    47/299     6.95G   0.05469   0.08976   0.03436    0.1788       231       640    0.3604     0.515    0.4455    0.2665   0.04895   0.07321   0.02581
    48/299     6.95G   0.05465   0.08954   0.03425    0.1784       238       640     0.359    0.5163    0.4466    0.2673    0.0489   0.07313   0.02575
    49/299     6.95G   0.05458   0.08961   0.03424    0.1784       188       640    0.3588    0.5175    0.4477     0.268   0.04884   0.07306   0.02567
    50/299     6.95G   0.05459   0.08955   0.03415    0.1783       188       640    0.3575    0.5188    0.4489    0.2691   0.04879     0.073    0.0256
    51/299     6.95G   0.05458   0.08948   0.03404    0.1781       173       640    0.3577    0.5211    0.4503    0.2698   0.04874   0.07293   0.02551
    52/299     6.95G   0.05444    0.0894   0.03395    0.1778       230       640    0.3559    0.5231    0.4519    0.2706   0.04869    0.0729   0.02543
    53/299     6.95G   0.05447   0.08941    0.0339    0.1778       165       640    0.3558    0.5245    0.4528    0.2713   0.04864   0.07285   0.02534
    54/299     6.95G   0.05439    0.0893   0.03395    0.1776       212       640    0.3554    0.5271    0.4541    0.2726   0.04859   0.07281   0.02528
    55/299     6.95G   0.05432   0.08937    0.0339    0.1776       123       640    0.3538    0.5288    0.4546    0.2731   0.04856   0.07278   0.02522
    56/299     6.95G   0.05432   0.08909   0.03375    0.1772       169       640    0.3536    0.5292    0.4548     0.274   0.04852   0.07275   0.02517
    57/299     6.95G   0.05424    0.0892   0.03368    0.1771       147       640    0.3548    0.5322     0.456    0.2742   0.04847   0.07272   0.02511
    58/299     6.95G   0.05422   0.08912   0.03363     0.177       191       640    0.3551    0.5338    0.4575    0.2749   0.04844   0.07269   0.02504
    59/299     6.95G   0.05417    0.0893   0.03363    0.1771       215       640    0.3527    0.5348    0.4585    0.2755    0.0484   0.07264   0.02496
    60/299     6.95G    0.0542   0.08906   0.03354    0.1768       246       640    0.3514    0.5335    0.4594    0.2768   0.04835   0.07262    0.0249
    61/299     6.95G   0.05415   0.08901   0.03345    0.1766       217       640    0.3511    0.5358    0.4606    0.2774    0.0483   0.07258   0.02484
    62/299     6.95G   0.05414   0.08888   0.03346    0.1765       150       640    0.3522    0.5382    0.4618    0.2782   0.04826   0.07255   0.02479
    63/299     6.95G   0.05407   0.08891   0.03329    0.1763       204       640    0.3513    0.5391    0.4627    0.2793   0.04822   0.07253   0.02472
    64/299     6.95G     0.054   0.08897   0.03329    0.1763       217       640    0.3515    0.5405    0.4634    0.2799   0.04819   0.07248   0.02467
    65/299     6.95G   0.05392   0.08896   0.03329    0.1762       168       640    0.3516    0.5424    0.4647    0.2806   0.04815   0.07244   0.02462
    66/299     6.95G   0.05396   0.08875   0.03319    0.1759       251       640    0.3509    0.5421    0.4654     0.281   0.04812    0.0724   0.02457
    67/299     6.95G   0.05394   0.08895   0.03319    0.1761       187       640    0.3503    0.5425    0.4661    0.2815   0.04808   0.07236   0.02452
    68/299     6.95G    0.0539   0.08854   0.03306    0.1755       209       640    0.3499    0.5445    0.4667    0.2822   0.04806   0.07232   0.02449
    69/299     6.95G   0.05387   0.08873   0.03309    0.1757       182       640    0.3508    0.5467    0.4679     0.283   0.04803   0.07229   0.02445
    70/299     6.95G   0.05378   0.08859   0.03295    0.1753       146       640    0.3499    0.5463    0.4684    0.2833     0.048   0.07226   0.02442
    71/299     6.95G   0.05379   0.08845   0.03297    0.1752       117       640    0.3496    0.5479    0.4697    0.2838   0.04797   0.07223   0.02436
    72/299     6.95G   0.05375   0.08873   0.03301    0.1755       240       640    0.3482    0.5478    0.4695    0.2842   0.04795    0.0722   0.02434
    73/299     6.95G   0.05372   0.08859   0.03284    0.1752       240       640    0.3473    0.5481    0.4705    0.2855   0.04792   0.07217   0.02432
    74/299     6.95G   0.05368   0.08878   0.03297    0.1754       241       640    0.3583    0.5507    0.4717    0.2863   0.04788   0.07215    0.0243
    75/299     6.95G   0.05366    0.0887   0.03281    0.1752       134       640    0.3584    0.5512    0.4728    0.2865   0.04786   0.07216   0.02427
    76/299     6.95G    0.0536   0.08846   0.03276    0.1748       182       640    0.3588    0.5525    0.4733    0.2872   0.04783   0.07213   0.02422
    77/299     6.95G   0.05362   0.08853   0.03277    0.1749       210       640    0.3586    0.5527    0.4737    0.2873    0.0478   0.07209   0.02418
    78/299     6.95G   0.05353   0.08819   0.03264    0.1744       175       640    0.3584    0.5526    0.4745    0.2874   0.04778   0.07207   0.02414
    79/299     6.95G   0.05346   0.08831    0.0326    0.1744       159       640    0.3586    0.5535    0.4751    0.2884   0.04775   0.07203   0.02409
    80/299     6.95G   0.05353   0.08854   0.03266    0.1747       179       640    0.3456    0.5538    0.4748    0.2887   0.04773   0.07201   0.02406
    81/299     6.95G   0.05347   0.08838    0.0326    0.1744       209       640    0.3459    0.5545    0.4757    0.2889   0.04771   0.07199     0.024
    82/299     6.95G   0.05339   0.08818   0.03245     0.174       229       640    0.3457    0.5552    0.4759    0.2895   0.04768   0.07195   0.02396
    83/299     6.95G    0.0534   0.08806   0.03244    0.1739       241       640    0.3455    0.5563    0.4763    0.2899   0.04765   0.07193   0.02393
    84/299     6.95G   0.05342   0.08825   0.03239    0.1741       191       640    0.3443    0.5559    0.4764    0.2903   0.04763   0.07189   0.02388
    85/299     6.95G   0.05332   0.08843   0.03234    0.1741       170       640    0.3585    0.5585    0.4778    0.2913    0.0476   0.07187   0.02386
    86/299     6.95G   0.05338   0.08801   0.03241    0.1738       164       640     0.358    0.5584    0.4787    0.2921   0.04757   0.07187   0.02381
    87/299     6.95G   0.05324   0.08817   0.03232    0.1737       218       640    0.3588    0.5604    0.4807    0.2932   0.04754   0.07185   0.02378
    88/299     6.95G   0.05326   0.08814    0.0322    0.1736       295       640    0.3587    0.5626    0.4813    0.2934   0.04752   0.07182   0.02373
    89/299     6.95G   0.05321   0.08811   0.03216    0.1735       155       640    0.3579    0.5629     0.482    0.2943    0.0475    0.0718   0.02371
    90/299     6.95G   0.05324   0.08805    0.0322    0.1735       193       640    0.3582    0.5627    0.4825     0.294   0.04748   0.07178   0.02366
    91/299     6.95G   0.05321   0.08784   0.03212    0.1732       223       640    0.3573    0.5648    0.4829    0.2942   0.04745   0.07174   0.02362
    92/299     6.95G   0.05313    0.0882   0.03213    0.1735       186       640    0.3576    0.5656    0.4834     0.295   0.04743   0.07173   0.02359
    93/299     6.95G   0.05312   0.08796   0.03199    0.1731       206       640    0.3577    0.5668    0.4829    0.2952   0.04741   0.07171   0.02357
    94/299     6.95G     0.053   0.08838   0.03196    0.1733       159       640     0.357    0.5672    0.4833     0.295    0.0474   0.07168   0.02354
    95/299     6.95G   0.05306   0.08765   0.03187    0.1726       174       640    0.3568    0.5666    0.4831    0.2957   0.04739   0.07165   0.02351
    96/299     6.95G   0.05296   0.08797   0.03181    0.1727       175       640    0.3563    0.5679    0.4836    0.2956   0.04738   0.07164   0.02347
    97/299     6.95G   0.05292   0.08787   0.03187    0.1727       220       640    0.3549     0.568    0.4837    0.2961   0.04736   0.07163   0.02344
    98/299     6.95G   0.05293   0.08782   0.03186    0.1726       171       640    0.3559    0.5691    0.4845    0.2957   0.04734   0.07162    0.0234
    99/299     6.95G   0.05293   0.08783   0.03169    0.1724       202       640     0.356    0.5689    0.4851     0.296   0.04731   0.07159   0.02336
   100/299     6.95G   0.05287   0.08802   0.03175    0.1726       163       640    0.3567    0.5687    0.4856    0.2968    0.0473   0.07156   0.02333
   101/299     6.95G   0.05293   0.08798   0.03162    0.1725       197       640    0.3554    0.5688    0.4855    0.2971   0.04727   0.07154   0.02329
   102/299     6.95G   0.05284   0.08782   0.03168    0.1723       252       640     0.356    0.5696    0.4862    0.2972   0.04725   0.07153   0.02326
   103/299     6.95G   0.05282   0.08773   0.03148     0.172       171       640    0.3572    0.5713     0.487    0.2983   0.04724   0.07149   0.02324
   104/299     6.95G    0.0528    0.0877   0.03145     0.172       234       640    0.3565    0.5711    0.4875    0.2988   0.04722   0.07148   0.02322
   105/299     6.95G   0.05272   0.08732   0.03145    0.1715       206       640    0.3567    0.5706    0.4876    0.2992    0.0472   0.07145   0.02318
   106/299     6.95G   0.05267   0.08744   0.03142    0.1715       262       640    0.3571     0.572     0.488    0.2995   0.04718   0.07142   0.02317
   107/299     6.95G   0.05265    0.0876   0.03133    0.1716       174       640    0.3563    0.5712    0.4882    0.2995   0.04715    0.0714   0.02316
   108/299     6.95G   0.05267    0.0876   0.03133    0.1716       147       640    0.3532    0.5718    0.4888    0.3001   0.04713   0.07137   0.02312
   109/299     6.95G   0.05259   0.08755   0.03133    0.1715       146       640     0.353    0.5746    0.4898    0.3005   0.04712   0.07135   0.02309
   110/299     6.95G   0.05259   0.08739   0.03116    0.1711       226       640    0.3528     0.575    0.4902    0.3009   0.04711   0.07135   0.02307
   111/299     6.95G   0.05253   0.08729   0.03123    0.1711       166       640    0.3536    0.5748    0.4909    0.3011   0.04709   0.07135   0.02307
   112/299     6.95G   0.05249   0.08727   0.03117    0.1709       152       640    0.3531    0.5741    0.4908     0.301   0.04707   0.07136   0.02306
   113/299     6.95G   0.05248   0.08714   0.03118    0.1708       162       640    0.3527    0.5752    0.4909    0.3013   0.04705   0.07134   0.02303
   114/299     6.95G   0.05246   0.08731    0.0311    0.1709       205       640     0.352    0.5739     0.491    0.3014   0.04703   0.07132   0.02302
   115/299     6.95G   0.05242   0.08727     0.031    0.1707       185       640    0.3517    0.5737    0.4919     0.302   0.04701    0.0713     0.023
   116/299     6.95G   0.05241   0.08714   0.03103    0.1706       249       640    0.3515    0.5745    0.4926    0.3023   0.04698   0.07126   0.02297
   117/299     6.95G   0.05231   0.08734   0.03098    0.1706       227       640    0.3525    0.5749    0.4925    0.3026   0.04696   0.07125   0.02294
   118/299     6.95G   0.05236   0.08726   0.03096    0.1706       169       640    0.3528    0.5762    0.4927     0.303   0.04694   0.07123    0.0229
   119/299     6.95G   0.05236   0.08728   0.03094    0.1706       186       640    0.3541    0.5784    0.4934    0.3033   0.04694   0.07122   0.02286
   120/299     6.95G   0.05225    0.0872   0.03086    0.1703       167       640    0.3542    0.5783    0.4937    0.3031   0.04692   0.07122   0.02282
   121/299     6.95G   0.05233   0.08711    0.0307    0.1702       209       640    0.3556    0.5802    0.4937    0.3032   0.04691    0.0712    0.0228
   122/299     6.95G   0.05222   0.08698   0.03071    0.1699       142       640    0.3549      0.58    0.4942    0.3035   0.04689   0.07118   0.02279
   123/299     6.95G   0.05223   0.08708   0.03071      0.17       194       640    0.3542    0.5792    0.4936     0.304   0.04686   0.07117   0.02278
   124/299     6.95G   0.05221   0.08709   0.03067      0.17       202       640    0.3528      0.58    0.4944    0.3042   0.04685   0.07115   0.02277
   125/299     6.95G   0.05218   0.08702   0.03051    0.1697       193       640    0.3521    0.5804    0.4951    0.3044   0.04682   0.07112   0.02274
   126/299     6.95G   0.05217   0.08712   0.03071      0.17       204       640    0.3521    0.5796     0.495     0.305   0.04681   0.07108   0.02272
   127/299     6.95G   0.05209    0.0868   0.03058    0.1695       177       640    0.3512     0.578    0.4956     0.306    0.0468   0.07106   0.02269
   128/299     6.95G   0.05207   0.08684   0.03042    0.1693       199       640    0.3497    0.5793    0.4959    0.3068   0.04678   0.07103   0.02266
   129/299     6.95G   0.05201   0.08687   0.03042    0.1693       150       640    0.3541     0.582    0.4976    0.3076   0.04676   0.07101   0.02264
   130/299     6.95G   0.05203   0.08659   0.03038     0.169       202       640    0.3548    0.5845    0.4974    0.3074   0.04675   0.07099   0.02263
   131/299     6.95G   0.05196   0.08673   0.03046    0.1692       206       640    0.3552    0.5846    0.4976    0.3079   0.04673   0.07098   0.02259
   132/299     6.95G   0.05197   0.08685   0.03037    0.1692       201       640    0.3564    0.5871    0.4988    0.3087   0.04671   0.07095   0.02256
   133/299     6.95G   0.05187   0.08684   0.03024     0.169       176       640    0.3567    0.5874    0.4996    0.3087   0.04669   0.07092   0.02255
   134/299     6.95G   0.05183    0.0867   0.03032    0.1689       231       640    0.3562    0.5883    0.5003    0.3088   0.04668   0.07088   0.02253
   135/299     6.95G   0.05186   0.08677   0.03016    0.1688       176       640    0.3543    0.5891    0.4998    0.3092   0.04667   0.07084   0.02253
   136/299     6.95G   0.05184   0.08678   0.03014    0.1688       180       640    0.3548    0.5895    0.5011    0.3095   0.04665    0.0708   0.02249
   137/299     6.95G   0.05175   0.08643   0.03003    0.1682       226       640    0.3547    0.5901    0.5021      0.31   0.04664   0.07079   0.02246
   138/299     6.95G   0.05175   0.08668   0.03003    0.1685       211       640    0.3544    0.5905    0.5022    0.3104   0.04662   0.07079   0.02241
   139/299     6.95G   0.05172   0.08653      0.03    0.1683       221       640     0.356    0.5913     0.503    0.3111   0.04661   0.07077   0.02238
   140/299     6.95G   0.05164   0.08651   0.02989     0.168       235       640    0.3516    0.5899    0.5021    0.3108    0.0466   0.07075   0.02239
   141/299     6.95G   0.05163    0.0863   0.02989    0.1678       231       640    0.3509    0.5884     0.503    0.3114   0.04658   0.07074   0.02237
   142/299     6.95G   0.05163    0.0863   0.02975    0.1677       241       640    0.3527    0.5894    0.5029    0.3112   0.04656    0.0707   0.02235
   143/299     6.95G    0.0516   0.08629   0.02981    0.1677       157       640    0.3545    0.5892    0.5032    0.3117   0.04654   0.07071   0.02233
   144/299     6.95G    0.0516   0.08631   0.02982    0.1677       134       640     0.354    0.5895    0.5039    0.3123   0.04652   0.07069   0.02229
   145/299     6.95G   0.05153   0.08635   0.02969    0.1676       120       640    0.3545    0.5915    0.5045    0.3131   0.04651   0.07066   0.02225
   146/299     6.95G   0.05153   0.08648   0.02973    0.1677       237       640    0.3537      0.59    0.5042    0.3134   0.04651   0.07063   0.02222
   147/299     6.95G   0.05139   0.08591   0.02965     0.167       237       640    0.3532    0.5919    0.5054    0.3133   0.04649   0.07061   0.02219
   148/299     6.95G   0.05141   0.08614   0.02952    0.1671       188       640    0.3534    0.5918    0.5063    0.3136   0.04647   0.07061   0.02217
   149/299     6.95G   0.05135   0.08629   0.02951    0.1671       241       640    0.3533    0.5919    0.5064    0.3142   0.04646   0.07056   0.02215
   150/299     6.95G   0.05136   0.08641   0.02947    0.1672       268       640    0.3537     0.594    0.5072    0.3145   0.04645   0.07054   0.02211
   151/299     6.95G   0.05135   0.08619   0.02945     0.167       196       640    0.3546    0.5951     0.508     0.315   0.04643   0.07053   0.02207
   152/299     6.95G   0.05128   0.08624    0.0294    0.1669       208       640    0.3539    0.5976    0.5078    0.3157   0.04642   0.07051   0.02204
   153/299     6.95G   0.05129   0.08621   0.02928    0.1668       155       640    0.3536    0.5971    0.5078    0.3158   0.04639   0.07049   0.02202
   154/299     6.95G   0.05122   0.08605   0.02924    0.1665       236       640    0.3534    0.5981    0.5074    0.3154   0.04638   0.07049   0.02199
   155/299     6.95G   0.05117   0.08596   0.02925    0.1664       191       640    0.3523    0.5973     0.507    0.3152   0.04636   0.07049   0.02199
   156/299     6.95G   0.05117   0.08583   0.02918    0.1662       205       640    0.3528     0.598    0.5068    0.3156   0.04634   0.07047   0.02198
   157/299     6.95G   0.05113    0.0857   0.02911    0.1659       206       640    0.3532    0.5986    0.5078    0.3161   0.04632   0.07045   0.02196
   158/299     6.95G   0.05104   0.08601   0.02903    0.1661       196       640    0.3532    0.6001    0.5083    0.3163   0.04631   0.07043   0.02192
   159/299     6.95G   0.05104   0.08573   0.02899    0.1658       247       640    0.3532    0.5999    0.5086    0.3165   0.04629   0.07042   0.02188
   160/299     6.95G   0.05104   0.08562   0.02888    0.1655       174       640     0.354    0.6008    0.5087    0.3169   0.04629   0.07041   0.02188
   161/299     1.01G   0.05054    0.0852   0.02805    0.1638       171       640    0.3601     0.504    0.4367    0.2518   0.05016   0.07446   0.02708
   162/299      6.4G   0.05091   0.08564   0.02871    0.1653       161       640    0.3667    0.5245    0.4521     0.264   0.04946   0.07403   0.02547
   163/299      6.4G    0.0509   0.08547   0.02874    0.1651       243       640    0.3326    0.5588    0.4663    0.2775   0.04856   0.07351   0.02465
   164/299      6.4G   0.05083   0.08536   0.02874    0.1649       192       640    0.3373    0.5647    0.4735    0.2859   0.04814   0.07252   0.02412
   165/299     6.79G   0.05088   0.08557   0.02881    0.1653       176       640    0.3531    0.5737    0.4845    0.2939   0.04756   0.07191   0.02322
   166/299     6.79G   0.05083   0.08564   0.02876    0.1652       259       640    0.3598    0.5781    0.4937    0.3013   0.04718   0.07131   0.02277
   167/299     6.79G    0.0508   0.08555   0.02872    0.1651       240       640    0.3483    0.5882    0.4977    0.3071   0.04685   0.07103   0.02239
   168/299     6.79G   0.05075   0.08564   0.02864     0.165       249       640    0.3457    0.5912    0.5018    0.3099   0.04661   0.07088   0.02212
   169/299     6.79G   0.05074   0.08545   0.02859    0.1648       168       640    0.3454    0.5937    0.5041    0.3124   0.04645   0.07064   0.02198
   170/299     6.79G   0.05071   0.08557   0.02853    0.1648       234       640    0.3452    0.5965    0.5058    0.3138   0.04635   0.07053   0.02184
   171/299     6.79G    0.0507    0.0854   0.02843    0.1645       208       640    0.3455    0.5999    0.5079    0.3152   0.04628   0.07047   0.02178
   172/299     6.79G   0.05066   0.08511   0.02845    0.1642       180       640    0.3428    0.5997    0.5091     0.317   0.04623   0.07041   0.02172
   173/299     6.79G   0.05058   0.08527   0.02845    0.1643       268       640    0.3445    0.6017    0.5104    0.3177    0.0462   0.07037   0.02167
   174/299     6.79G   0.05056   0.08532   0.02823    0.1641       260       640    0.3453    0.6044    0.5125    0.3183   0.04617   0.07031   0.02163
   175/299     6.79G   0.05048   0.08501   0.02821    0.1637       197       640    0.3448    0.6053    0.5136    0.3188   0.04614   0.07028   0.02158
   176/299     6.79G   0.05049   0.08515    0.0282    0.1638       227       640     0.344    0.6057    0.5138    0.3194    0.0461   0.07027   0.02154
   177/299     6.79G   0.05041   0.08505   0.02818    0.1636       209       640    0.3439    0.6048    0.5135    0.3203   0.04607   0.07023   0.02152
   178/299     6.79G    0.0505   0.08507   0.02816    0.1637       191       640    0.3478    0.6075    0.5144    0.3206   0.04605   0.07021   0.02149
   179/299     6.79G   0.05036   0.08479   0.02804    0.1632       201       640     0.347    0.6067    0.5137    0.3206   0.04602    0.0702   0.02149
   180/299     6.79G   0.05038   0.08481   0.02802    0.1632       152       640     0.347    0.6074    0.5148    0.3211     0.046   0.07018   0.02147
   181/299     6.79G   0.05038   0.08482   0.02798    0.1632       184       640    0.3477    0.6076    0.5158    0.3212   0.04598   0.07015   0.02144
   182/299     6.79G    0.0503   0.08488   0.02792    0.1631       179       640     0.348    0.6074    0.5163    0.3217   0.04596   0.07011   0.02142
   183/299     6.79G   0.05023   0.08492   0.02785     0.163       223       640    0.3471    0.6066    0.5156    0.3217   0.04595    0.0701    0.0214
   184/299     6.79G   0.05019   0.08479   0.02777    0.1628       205       640    0.3481    0.6068    0.5153    0.3216   0.04593    0.0701   0.02139
   185/299     6.79G   0.05016   0.08479    0.0277    0.1627       219       640    0.3455    0.6047     0.515    0.3218   0.04592   0.07008   0.02137
   186/299     6.79G   0.05014   0.08474   0.02769    0.1626       169       640    0.3448    0.6051    0.5147    0.3221   0.04591   0.07008   0.02138
   187/299     6.79G   0.05015   0.08464   0.02768    0.1625       281       640    0.3457    0.6063    0.5155    0.3222   0.04589   0.07006   0.02136
   188/299     6.79G   0.05004   0.08458   0.02754    0.1622       196       640    0.3457     0.606     0.516     0.322   0.04588   0.07003   0.02134
   189/299     6.79G   0.05006   0.08449   0.02756    0.1621       268       640    0.3464    0.6069    0.5163    0.3223   0.04587      0.07   0.02133
   190/299     6.79G   0.04998   0.08444   0.02751    0.1619       199       640    0.3466    0.6082    0.5165    0.3224   0.04585   0.06997   0.02132
   191/299     6.79G   0.04997   0.08446   0.02735    0.1618       212       640    0.3476    0.6092    0.5168    0.3232   0.04583   0.06994   0.02127
   192/299     6.79G   0.04999   0.08438   0.02734    0.1617       214       640    0.3481    0.6083    0.5167    0.3234   0.04583   0.06991   0.02124
   193/299     6.79G   0.04987   0.08453   0.02725    0.1617       231       640    0.3482    0.6091    0.5169    0.3232   0.04581   0.06988    0.0212
   194/299     6.79G   0.04985   0.08439   0.02723    0.1615       238       640    0.3502    0.6099    0.5177    0.3232   0.04579   0.06986   0.02118
   195/299     6.79G    0.0498   0.08442   0.02718    0.1614       188       640    0.3509    0.6112    0.5188    0.3243   0.04578   0.06984   0.02115
   196/299     6.79G   0.04982   0.08432   0.02719    0.1613       188       640    0.3499     0.611    0.5187    0.3246   0.04577   0.06984   0.02113
   197/299     6.79G   0.04981   0.08434   0.02709    0.1613       173       640    0.3512    0.6116    0.5188    0.3249   0.04575   0.06982   0.02109
   198/299     6.79G   0.04967   0.08422    0.0269    0.1608       230       640    0.3511    0.6124    0.5194    0.3255   0.04572    0.0698   0.02104
   199/299     6.79G   0.04971    0.0842   0.02695    0.1608       165       640    0.3516    0.6121    0.5194    0.3259   0.04571   0.06978   0.02102
   200/299     6.79G   0.04961   0.08409   0.02701    0.1607       212       640    0.3524    0.6145    0.5207    0.3273    0.0457   0.06976     0.021
   201/299     6.79G   0.04955   0.08415   0.02687    0.1606       123       640     0.353     0.614    0.5212    0.3276   0.04567   0.06976   0.02099
   202/299     6.79G   0.04957   0.08383   0.02677    0.1602       169       640    0.3523    0.6144     0.522    0.3284   0.04565   0.06975   0.02097
   203/299     6.79G   0.04948   0.08398   0.02671    0.1602       147       640    0.3532    0.6164    0.5226    0.3287   0.04563   0.06975   0.02095
   204/299     6.79G   0.04947   0.08387   0.02671      0.16       191       640    0.3519    0.6169    0.5231    0.3287   0.04561   0.06974   0.02094
   205/299     6.79G   0.04943   0.08403   0.02668    0.1601       215       640    0.3519    0.6159     0.524    0.3285   0.04561   0.06973   0.02092
   206/299     6.79G   0.04946    0.0838   0.02654    0.1598       246       640    0.3519    0.6159    0.5241    0.3288   0.04559    0.0697   0.02091
   207/299     6.79G    0.0494    0.0837    0.0265    0.1596       217       640    0.3519    0.6149    0.5248    0.3292   0.04558   0.06969   0.02089
   208/299     6.79G   0.04936   0.08364   0.02654    0.1595       150       640    0.3526    0.6163    0.5247    0.3295   0.04556   0.06968   0.02087
   209/299     6.79G   0.04932   0.08362   0.02638    0.1593       204       640    0.3523    0.6165    0.5248     0.329   0.04555   0.06967   0.02084
   210/299     6.79G   0.04927   0.08363   0.02635    0.1592       217       640    0.3502    0.6147    0.5248    0.3289   0.04554   0.06966   0.02084
   211/299     6.79G    0.0492   0.08362   0.02639    0.1592       168       640    0.3504    0.6163    0.5251    0.3293   0.04552   0.06964   0.02081
   212/299     6.79G   0.04922   0.08338   0.02623    0.1588       251       640    0.3509     0.616    0.5257    0.3298   0.04551   0.06962   0.02081
   213/299     6.79G   0.04919   0.08356    0.0262     0.159       187       640    0.3511    0.6163    0.5252    0.3297   0.04549    0.0696    0.0208
   214/299     6.79G   0.04913   0.08316   0.02613    0.1584       209       640    0.3514    0.6159    0.5253    0.3303   0.04547   0.06955    0.0208
   215/299     6.79G   0.04909   0.08329   0.02607    0.1585       182       640    0.3518    0.6174     0.526    0.3303   0.04546   0.06953   0.02076
   216/299     6.79G     0.049   0.08315   0.02595    0.1581       146       640    0.3508    0.6169    0.5261    0.3306   0.04544   0.06953   0.02072
   217/299     6.79G     0.049   0.08307   0.02601    0.1581       117       640    0.3509    0.6174    0.5259    0.3307   0.04543   0.06951   0.02069
   218/299     6.79G   0.04897   0.08324   0.02603    0.1582       240       640    0.3506    0.6173    0.5261    0.3306   0.04542   0.06949   0.02068
   219/299     6.79G   0.04895   0.08309   0.02583    0.1579       240       640    0.3505    0.6177    0.5266    0.3307   0.04541   0.06947   0.02065
   220/299     6.79G   0.04891   0.08326   0.02588     0.158       241       640    0.3512     0.618    0.5269    0.3309   0.04541   0.06945   0.02062
   221/299     6.79G   0.04888   0.08316   0.02579    0.1578       134       640    0.3513    0.6195    0.5267     0.331   0.04541   0.06945    0.0206
   222/299     6.79G   0.04879   0.08287   0.02572    0.1574       182       640    0.3522    0.6198    0.5278    0.3312    0.0454   0.06945   0.02058
   223/299     6.79G    0.0488   0.08293   0.02569    0.1574       210       640    0.3537    0.6215    0.5285    0.3319   0.04539   0.06944   0.02055
   224/299     6.79G   0.04868   0.08253   0.02555    0.1568       175       640    0.3546     0.622     0.529    0.3323   0.04537   0.06943   0.02053
   225/299     6.79G   0.04864   0.08272   0.02554    0.1569       159       640     0.354    0.6218    0.5292     0.332   0.04535   0.06943   0.02051
   226/299     6.79G   0.04871   0.08292   0.02553    0.1572       179       640    0.3531    0.6224    0.5297    0.3325   0.04534   0.06941   0.02052
   227/299     6.79G   0.04863   0.08271   0.02547    0.1568       209       640    0.3524    0.6219    0.5294    0.3328   0.04532   0.06939   0.02052
   228/299     6.79G   0.04854   0.08253   0.02535    0.1564       229       640    0.3544    0.6227    0.5304    0.3331    0.0453   0.06935    0.0205
   229/299     6.79G   0.04854   0.08239   0.02529    0.1562       241       640    0.3537    0.6217    0.5304    0.3338   0.04527   0.06931   0.02046
   230/299     6.79G   0.04857   0.08251   0.02524    0.1563       191       640    0.3534    0.6227    0.5305    0.3338   0.04526   0.06929   0.02045
   231/299     6.79G   0.04846   0.08268   0.02521    0.1563       170       640    0.3555    0.6238    0.5317    0.3344   0.04525   0.06928   0.02043
   232/299     6.79G   0.04848   0.08223   0.02517    0.1559       164       640    0.3537     0.624    0.5325    0.3351   0.04523   0.06925    0.0204
   233/299     6.79G   0.04838   0.08242   0.02513    0.1559       218       640    0.3557    0.6258    0.5327    0.3352   0.04522   0.06925   0.02038
   234/299     6.79G   0.04838   0.08234   0.02502    0.1557       295       640    0.3548    0.6243    0.5332    0.3359    0.0452   0.06924   0.02035
   235/299     6.79G   0.04831   0.08226     0.025    0.1556       155       640    0.3562    0.6278    0.5334    0.3365   0.04519   0.06925   0.02034
   236/299     6.79G   0.04833   0.08222   0.02492    0.1555       193       640    0.3543    0.6283    0.5329    0.3367   0.04517   0.06926   0.02032
   237/299     6.79G   0.04828   0.08197   0.02486    0.1551       223       640    0.3554    0.6272    0.5327    0.3371   0.04516   0.06926    0.0203
   238/299     6.79G   0.04823   0.08228   0.02486    0.1554       186       640     0.355    0.6257    0.5326    0.3371   0.04515   0.06926   0.02029
   239/299     6.79G   0.04823   0.08208   0.02478    0.1551       206       640    0.3535    0.6249    0.5321    0.3371   0.04515   0.06926   0.02027
   240/299     6.79G   0.04807   0.08243   0.02469    0.1552       159       640     0.354    0.6246    0.5329    0.3376   0.04513   0.06926   0.02027
   241/299     6.79G   0.04811   0.08169   0.02464    0.1544       174       640    0.3535    0.6241    0.5335    0.3378   0.04512   0.06924   0.02026
   242/299     6.79G   0.04804   0.08196   0.02461    0.1546       175       640    0.3551    0.6254    0.5347     0.338   0.04511   0.06924   0.02025
   243/299     6.79G   0.04798   0.08182   0.02456    0.1544       220       640    0.3546    0.6264     0.535    0.3382    0.0451   0.06922   0.02023
   244/299     6.79G   0.04798   0.08178   0.02456    0.1543       171       640    0.3544    0.6269    0.5345    0.3386    0.0451   0.06919   0.02022
   245/299     6.79G   0.04799   0.08179   0.02452    0.1543       202       640     0.354    0.6271    0.5345    0.3385   0.04509   0.06917    0.0202
   246/299     6.79G   0.04789   0.08189   0.02441    0.1542       163       640    0.3534    0.6241    0.5344    0.3389   0.04508   0.06915   0.02017
   247/299     6.79G   0.04797   0.08184    0.0243    0.1541       197       640    0.3532    0.6238    0.5348    0.3385   0.04507   0.06916   0.02015
   248/299     6.79G   0.04788   0.08162   0.02434    0.1538       252       640    0.3548    0.6257    0.5348    0.3386   0.04506   0.06915   0.02014
   249/299     6.79G   0.04788   0.08163   0.02422    0.1537       171       640    0.3534    0.6267    0.5351    0.3387   0.04505   0.06911   0.02012
   250/299     6.79G   0.04779   0.08147   0.02421    0.1535       234       640    0.3545    0.6264    0.5354    0.3387   0.04504   0.06908   0.02012
   251/299     6.79G   0.04773    0.0811    0.0241    0.1529       206       640    0.3552    0.6282    0.5355    0.3384   0.04503   0.06905   0.02011
   252/299     6.79G   0.04766   0.08128   0.02409     0.153       262       640    0.3552    0.6293    0.5355    0.3381   0.04502   0.06904    0.0201
   253/299     6.79G   0.04766   0.08142   0.02405    0.1531       174       640    0.3568    0.6302    0.5356    0.3387   0.04501   0.06904    0.0201
   254/299     6.79G   0.04768   0.08134   0.02403     0.153       147       640     0.357    0.6316    0.5362     0.339   0.04499   0.06904   0.02007
   255/299     6.79G    0.0476   0.08126   0.02394    0.1528       146       640    0.3575    0.6316    0.5361    0.3392   0.04498   0.06902   0.02007
   256/299     6.79G    0.0476   0.08111   0.02386    0.1526       226       640    0.3578    0.6326    0.5364    0.3391   0.04498     0.069   0.02009
   257/299     6.79G   0.04751   0.08097   0.02386    0.1523       166       640    0.3579    0.6322    0.5367    0.3393   0.04498   0.06899    0.0201
   258/299     6.79G   0.04747   0.08095   0.02381    0.1522       152       640    0.3576    0.6314    0.5367    0.3398   0.04497   0.06899   0.02012
   259/299     6.79G   0.04748    0.0808    0.0238    0.1521       162       640    0.3571    0.6309    0.5369      0.34   0.04496     0.069   0.02012
   260/299     6.79G   0.04744   0.08096   0.02371    0.1521       205       640     0.357    0.6306    0.5366    0.3404   0.04495   0.06897   0.02012
   261/299     6.79G   0.04743   0.08093   0.02368     0.152       185       640    0.3567    0.6311    0.5365    0.3398   0.04494   0.06898    0.0201
   262/299     6.79G   0.04737   0.08078   0.02366    0.1518       249       640    0.3558    0.6317    0.5366    0.3395   0.04493   0.06898   0.02009
   263/299     6.79G    0.0473   0.08093   0.02361    0.1518       227       640    0.3563     0.631    0.5368      0.34   0.04492   0.06898   0.02008
   264/299     6.79G   0.04734   0.08085   0.02355    0.1517       169       640    0.3562    0.6296    0.5366      0.34   0.04491   0.06898   0.02008
   265/299     6.79G   0.04733   0.08085   0.02356    0.1517       186       640    0.3571    0.6313    0.5365      0.34    0.0449   0.06897    0.0201
   266/299     6.79G   0.04726   0.08075   0.02351    0.1515       167       640    0.3566     0.632    0.5363    0.3398    0.0449   0.06894   0.02011
   267/299     6.79G   0.04732   0.08065   0.02333    0.1513       209       640    0.3565    0.6318    0.5364    0.3399   0.04489   0.06893   0.02012
   268/299     6.79G   0.04724   0.08057   0.02338    0.1512       142       640    0.3561    0.6315    0.5368      0.34   0.04488   0.06894   0.02012
   269/299     6.79G   0.04724   0.08063   0.02337    0.1512       194       640    0.3547    0.6306    0.5367    0.3401   0.04487   0.06896    0.0201
   270/299     6.79G   0.04722   0.08061   0.02334    0.1512       202       640    0.3551    0.6312     0.537      0.34   0.04487   0.06897   0.02009
   271/299     6.79G   0.04717   0.08058   0.02321     0.151       193       640    0.3559    0.6324    0.5376    0.3409   0.04487   0.06897   0.02008
   272/299     6.79G   0.04718   0.08063   0.02336    0.1512       204       640     0.354      0.63    0.5377    0.3409   0.04486   0.06894   0.02007
   273/299     6.79G    0.0471   0.08032   0.02328    0.1507       177       640    0.3563      0.63    0.5384    0.3412   0.04485   0.06892   0.02005
   274/299     6.79G   0.04711   0.08041   0.02319    0.1507       199       640    0.3552    0.6306    0.5383    0.3415   0.04484   0.06891   0.02005
   275/299     6.79G   0.04704    0.0804    0.0231    0.1505       150       640    0.3554    0.6314    0.5378    0.3415   0.04483   0.06892   0.02003
   276/299     6.79G   0.04705    0.0801   0.02311    0.1503       202       640    0.3546    0.6311     0.538    0.3413   0.04482   0.06892   0.01999
   277/299     6.79G   0.04702   0.08028   0.02312    0.1504       206       640    0.3546    0.6308    0.5378    0.3416   0.04482   0.06893   0.01994
   278/299     6.79G   0.04701   0.08035   0.02312    0.1505       201       640     0.355    0.6309    0.5386    0.3424   0.04482   0.06894   0.01992
   279/299     6.79G   0.04695   0.08034   0.02299    0.1503       176       640    0.3553    0.6321    0.5401    0.3426   0.04481   0.06894    0.0199
   280/299     6.79G   0.04693   0.08023   0.02311    0.1503       231       640    0.3549    0.6324      0.54     0.342   0.04481   0.06894    0.0199
   281/299     6.79G   0.04694   0.08026   0.02295    0.1502       176       640    0.3543    0.6327    0.5399    0.3422    0.0448   0.06895   0.01989
   282/299     6.79G   0.04693   0.08028   0.02296    0.1502       180       640     0.355    0.6329    0.5409    0.3423   0.04479   0.06894   0.01988
   283/299     6.79G   0.04688   0.07997   0.02293    0.1498       226       640    0.3542    0.6337    0.5407    0.3426   0.04479   0.06895   0.01987
   284/299     6.79G   0.04691   0.08021    0.0229      0.15       211       640    0.3545    0.6336    0.5406    0.3425   0.04478   0.06896   0.01986
   285/299     6.79G   0.04687   0.08006   0.02286    0.1498       221       640    0.3545    0.6332    0.5402     0.342   0.04477   0.06897   0.01987
   286/299     6.79G   0.04683   0.08004    0.0228    0.1497       235       640    0.3555    0.6342    0.5406    0.3416   0.04477   0.06895   0.01987
   287/299     6.79G   0.04682   0.07987   0.02282    0.1495       231       640    0.3556    0.6342    0.5407    0.3422   0.04476   0.06894   0.01986
   288/299     6.79G   0.04686   0.07989   0.02272    0.1495       241       640    0.3558    0.6338    0.5405    0.3422   0.04475   0.06893   0.01986
   289/299     6.79G   0.04686    0.0799   0.02278    0.1495       157       640     0.356    0.6342    0.5401    0.3421   0.04475   0.06894   0.01986
   290/299     6.79G   0.04686   0.07993   0.02283    0.1496       134       640    0.3559    0.6339    0.5394    0.3422   0.04475   0.06894   0.01984
   291/299     6.79G   0.04681   0.07995   0.02275    0.1495       120       640    0.3553    0.6344    0.5396     0.342   0.04476   0.06894   0.01984
   292/299     6.79G   0.04686   0.08015   0.02283    0.1498       237       640    0.3544    0.6341    0.5398    0.3424   0.04477   0.06892   0.01984
   293/299     6.79G   0.04674   0.07959   0.02279    0.1491       237       640    0.3543    0.6341    0.5397    0.3425   0.04478   0.06893   0.01986
   294/299     6.79G   0.04677   0.07985   0.02271    0.1493       188       640    0.3538    0.6353    0.5398    0.3423   0.04477   0.06894   0.01986
   295/299     6.79G   0.04674   0.07997   0.02265    0.1494       241       640    0.3542    0.6348    0.5394    0.3424   0.04476   0.06895   0.01987
   296/299     6.79G   0.04679    0.0802   0.02271    0.1497       268       640    0.3541    0.6346    0.5399    0.3422   0.04476   0.06894   0.01988
   297/299     6.79G   0.04681   0.07996   0.02274    0.1495       196       640    0.3537    0.6354    0.5402    0.3429   0.04476   0.06893   0.01989
   298/299     6.79G   0.04676   0.08004   0.02276    0.1496       208       640    0.3533    0.6363    0.5404    0.3428   0.04476   0.06894    0.0199
   299/299     6.79G    0.0468    0.0801    0.0227    0.1496       155       640    0.3533    0.6367    0.5486    0.3568   0.04476   0.06894    0.0199
