     0/299     0.96G   0.08822    0.1017   0.09193    0.2819       171       640   0.04929   0.01307   0.01422  0.005058    0.0758    0.0901   0.08047
     1/299      6.4G   0.07285    0.1018   0.07342    0.2481       161       640    0.1577    0.1032   0.07946   0.03397   0.06634   0.08663   0.06041
     2/299     8.42G   0.06842   0.09932    0.0611    0.2288       243       640    0.2591    0.1969    0.1486   0.06955    0.0618   0.08422    0.0495
     3/299     8.42G   0.06517    0.0978   0.05435    0.2173       192       640    0.2541    0.2724    0.2057    0.1038   0.05892   0.08208   0.04356
     4/299     8.42G   0.06301   0.09678   0.05006    0.2099       176       640    0.2524    0.3248    0.2462    0.1282   0.05706   0.08083   0.04001
     5/299     8.42G   0.06169   0.09606    0.0474    0.2052       259       640     0.274    0.3574     0.273    0.1454   0.05596   0.08004   0.03778
     6/299     8.42G   0.06076   0.09527   0.04542    0.2014       240       640    0.2779    0.3761    0.2898     0.157   0.05521    0.0794   0.03635
     7/299     8.42G   0.06002   0.09482   0.04392    0.1988       249       640    0.2871    0.3861     0.302    0.1649   0.05469   0.07896   0.03541
     8/299     8.42G   0.05944   0.09425   0.04275    0.1964       168       640    0.2963    0.3911    0.3103    0.1698   0.05434   0.07865   0.03474
     9/299     8.42G   0.05896   0.09401   0.04195    0.1949       234       640    0.3073    0.3935    0.3172    0.1744   0.05408    0.0784   0.03425
    10/299     8.42G    0.0586   0.09345   0.04104    0.1931       208       640    0.3218    0.3929    0.3238    0.1787   0.05386   0.07822   0.03385
    11/299     8.42G   0.05827   0.09289   0.04047    0.1916       180       640    0.3355    0.3904    0.3287    0.1822   0.05367   0.07812    0.0335
    12/299     8.42G   0.05793   0.09287   0.03998    0.1908       268       640    0.3518    0.3877    0.3331     0.186   0.05349    0.0781   0.03318
    13/299     8.42G    0.0577   0.09277    0.0394    0.1899       260       640    0.3699     0.386    0.3373    0.1884   0.05332   0.07812   0.03288
    14/299     8.42G   0.05746   0.09222   0.03904    0.1887       197       640    0.3842    0.3831    0.3423    0.1921   0.05316   0.07819   0.03257
