     0/299    0.606G   0.09021   0.07742   0.09088    0.2585        62       256   0.05655   0.01139    0.0125  0.003584   0.08092   0.09033   0.08254
     1/299     6.51G   0.07604   0.07854   0.07162    0.2262        62       256    0.1475   0.08251   0.06756   0.02606   0.07052   0.08767   0.06314
     2/299     6.86G   0.07166   0.07722   0.06145    0.2103        63       256    0.2639    0.1258    0.1116   0.04789   0.06606   0.08615   0.05438
     3/299     6.86G   0.06835    0.0765   0.05555    0.2004        64       256    0.3223    0.1934    0.1623   0.07577   0.06216   0.08451   0.04806
     4/299     6.86G   0.06607   0.07559   0.05161    0.1933        61       256    0.3039    0.2428       0.2   0.09877    0.0598   0.08302   0.04418
     5/299     7.21G   0.06466   0.07488   0.04884    0.1884        63       256    0.3049    0.2818    0.2288    0.1166    0.0583   0.08195   0.04171
     6/299     7.21G    0.0636   0.07439   0.04671    0.1847        62       256     0.302    0.3062     0.247    0.1286   0.05744   0.08134   0.04021
     7/299     7.57G   0.06277   0.07393   0.04525    0.1819        62       256    0.3022     0.318     0.259    0.1365   0.05687   0.08094   0.03929
     8/299     7.57G   0.06223   0.07356   0.04401    0.1798        64       256    0.3225    0.3241    0.2669    0.1419   0.05648   0.08067   0.03866
     9/299     7.57G   0.06167   0.07328   0.04306     0.178        64       256    0.3276    0.3279    0.2738    0.1465    0.0562   0.08048   0.03816
    10/299     7.57G   0.06123   0.07294    0.0421    0.1763        64       256    0.3446    0.3296    0.2792    0.1506   0.05596   0.08036   0.03774
    11/299     7.57G   0.06087   0.07266   0.04136    0.1749        64       256    0.3565    0.3307    0.2846    0.1538   0.05574   0.08029   0.03735
    12/299     7.57G   0.06052   0.07241   0.04073    0.1737        64       256    0.3689    0.3296    0.2892    0.1567   0.05553   0.08025   0.03699
    13/299     7.57G   0.06025   0.07234   0.04017    0.1728        63       256    0.3846    0.3283    0.2941    0.1597   0.05533   0.08026   0.03662
    14/299     7.57G   0.06001   0.07209   0.03967    0.1718        64       256    0.3807    0.3277    0.2994    0.1627   0.05512   0.08027   0.03625
    15/299     7.57G   0.05981   0.07179   0.03927    0.1709        63       256    0.3906    0.3284    0.3047    0.1664   0.05491   0.08026   0.03586
    16/299     7.57G   0.05959   0.07172   0.03884    0.1702        64       256    0.4011    0.3306    0.3102      0.17    0.0547   0.08025   0.03547
    17/299     7.57G   0.05944   0.07156   0.03858    0.1696        63       256    0.4072    0.3327    0.3151    0.1733   0.05449   0.08018   0.03509
    18/299     7.57G   0.05922   0.07139   0.03812    0.1687        64       256    0.4129    0.3359    0.3204    0.1771   0.05427   0.08011   0.03471
    19/299     7.57G   0.05907   0.07125   0.03793    0.1682        63       256    0.4198    0.3404    0.3257    0.1803   0.05406   0.08001   0.03431
    20/299     7.57G   0.05894   0.07113    0.0376    0.1677        62       256    0.4205    0.3433    0.3304    0.1836   0.05386   0.07988   0.03393
    21/299     7.57G   0.05878   0.07113   0.03731    0.1672        63       256    0.4281    0.3494    0.3356    0.1871   0.05365    0.0797   0.03355
    22/299     7.57G   0.05868   0.07103   0.03715    0.1669        63       256    0.4311    0.3572    0.3408    0.1907   0.05343   0.07947   0.03316
    23/299     7.57G   0.05851   0.07089   0.03688    0.1663        64       256    0.4308    0.3638    0.3447    0.1938   0.05323   0.07923   0.03279
    24/299     7.57G   0.05848   0.07074   0.03674     0.166        62       256    0.4298    0.3702      0.35     0.197   0.05304   0.07899   0.03242
    25/299     7.57G   0.05841   0.07063   0.03653    0.1656        64       256    0.4276    0.3763     0.355    0.1998   0.05284   0.07875   0.03205
    26/299     7.57G   0.05832   0.07061   0.03636    0.1653        63       256    0.4243    0.3822    0.3596    0.2032   0.05265   0.07853    0.0317
    27/299     7.57G   0.05818   0.07061   0.03612    0.1649        64       256    0.4179    0.3888    0.3639    0.2061   0.05247   0.07826   0.03137
    28/299     7.57G    0.0581   0.07046   0.03601    0.1646        63       256    0.4144    0.3955    0.3676    0.2085   0.05231   0.07803   0.03108
    29/299     7.57G   0.05808   0.07045   0.03597    0.1645        64       256    0.4145    0.4013    0.3712    0.2112   0.05216   0.07783   0.03081
    30/299     7.57G   0.05794   0.07031   0.03572     0.164        64       256    0.4105    0.4061    0.3739    0.2134   0.05201   0.07765   0.03055
    31/299     7.57G   0.05787   0.07025   0.03557    0.1637        64       256    0.4064    0.4112    0.3771    0.2158   0.05188   0.07746   0.03032
    32/299     7.57G   0.05777   0.07041   0.03547    0.1636        64       256    0.4026     0.416    0.3803    0.2177   0.05175   0.07729    0.0301
    33/299     7.57G   0.05774   0.07025   0.03534    0.1633        64       256    0.4003    0.4216    0.3829    0.2197   0.05163   0.07709    0.0299
    34/299     7.57G   0.05763   0.07016   0.03521     0.163        64       256    0.3976    0.4269    0.3856    0.2219   0.05151   0.07691    0.0297
    35/299     7.57G    0.0576   0.07007   0.03511    0.1628        62       256    0.3937     0.431    0.3881    0.2236   0.05139   0.07674   0.02952
    36/299     7.57G   0.05754    0.0701   0.03508    0.1627        63       256    0.3921    0.4349    0.3905    0.2249    0.0513   0.07657   0.02937
    37/299     7.57G   0.05744   0.07004   0.03486    0.1623        63       256    0.3902    0.4388    0.3929    0.2268    0.0512   0.07641   0.02923
    38/299     7.57G   0.05744   0.06984   0.03476     0.162        63       256    0.3909    0.4436    0.3951    0.2282   0.05111   0.07627   0.02907
    39/299     7.57G   0.05738   0.06988   0.03471     0.162        62       256    0.3899    0.4471    0.3976    0.2299   0.05102   0.07614   0.02893
    40/299     7.57G   0.05735   0.06987   0.03473     0.162        64       256    0.3887    0.4499    0.3998    0.2314   0.05094   0.07604   0.02879
    41/299     7.57G   0.05727   0.06977   0.03458    0.1616        64       256    0.3852    0.4536    0.4016    0.2327   0.05086   0.07593   0.02867
    42/299     7.57G   0.05718   0.06977   0.03434    0.1613        64       256     0.383    0.4565    0.4027    0.2337    0.0508   0.07583   0.02854
    43/299     7.57G   0.05715   0.06976   0.03432    0.1612        63       256     0.381    0.4596    0.4047    0.2351   0.05072   0.07572   0.02842
    44/299     7.57G    0.0571   0.06977   0.03424    0.1611        64       256    0.3766     0.462    0.4062    0.2363   0.05065   0.07562   0.02831
    45/299     7.57G   0.05707   0.06973   0.03427    0.1611        63       256    0.3761    0.4649    0.4077    0.2376   0.05058   0.07552   0.02821
    46/299     7.57G   0.05697   0.06963     0.034    0.1606        59       256    0.3732    0.4667    0.4094    0.2387   0.05052   0.07542   0.02812
    47/299     7.57G   0.05699   0.06954   0.03405    0.1606        63       256     0.373    0.4685    0.4105    0.2397   0.05046   0.07532   0.02802
    48/299     7.57G   0.05691   0.06956   0.03405    0.1605        63       256    0.3707    0.4704    0.4121    0.2406    0.0504   0.07524   0.02795
    49/299     7.57G   0.05683   0.06954   0.03388    0.1603        63       256    0.3685    0.4737    0.4136    0.2413   0.05034   0.07517   0.02788
    50/299     7.57G   0.05679    0.0695   0.03381    0.1601        58       256    0.3683     0.475     0.415    0.2428   0.05028   0.07509    0.0278
    51/299     7.57G   0.05677   0.06946   0.03374      0.16        64       256    0.3671    0.4768    0.4163    0.2436   0.05022   0.07501    0.0277
    52/299     7.57G   0.05669    0.0694   0.03363    0.1597        63       256    0.3648    0.4775    0.4171    0.2445   0.05017   0.07493   0.02763
    53/299     7.57G   0.05664   0.06943   0.03355    0.1596        64       256    0.3632    0.4801    0.4186    0.2454   0.05012   0.07488   0.02755
    54/299     7.57G   0.05664   0.06944   0.03346    0.1595        63       256    0.3629    0.4823      0.42    0.2467   0.05008   0.07481   0.02749
    55/299     7.57G   0.05661   0.06927   0.03341    0.1593        64       256     0.361    0.4823    0.4203    0.2469   0.05003   0.07476   0.02741
    56/299     7.57G   0.05653    0.0692   0.03338    0.1591        64       256    0.3621    0.4844    0.4211    0.2475   0.04999    0.0747   0.02734
    57/299     7.57G   0.05652   0.06923   0.03334    0.1591        60       256     0.361    0.4856    0.4218    0.2482   0.04995   0.07467   0.02727
    58/299     7.57G   0.05643   0.06927   0.03318    0.1589        64       256    0.3605    0.4874    0.4231     0.249   0.04992   0.07462    0.0272
    59/299     7.57G   0.05641   0.06916   0.03321    0.1588        63       256    0.3599      0.49    0.4248      0.25   0.04988   0.07458   0.02714
    60/299     7.57G   0.05641   0.06907   0.03314    0.1586        64       256    0.3587    0.4918    0.4259    0.2512   0.04985   0.07453   0.02707
    61/299     7.57G   0.05639   0.06906   0.03309    0.1585        63       256     0.358     0.493     0.427    0.2519   0.04981   0.07448   0.02703
    62/299     7.57G   0.05632   0.06905   0.03299    0.1584        59       256    0.3581    0.4938    0.4274    0.2522   0.04977   0.07444   0.02698
    63/299     7.57G   0.05631    0.0689   0.03293    0.1581        64       256    0.3574    0.4953    0.4283    0.2529   0.04973   0.07441   0.02691
    64/299     7.57G   0.05626   0.06908    0.0329    0.1582        63       256    0.3574    0.4958    0.4301    0.2538   0.04969   0.07438   0.02685
    65/299     7.57G   0.05621   0.06893   0.03281     0.158        62       256    0.3598    0.4978    0.4307     0.254   0.04967   0.07432   0.02682
    66/299     7.57G   0.05615   0.06899   0.03272    0.1579        61       256    0.3592    0.4979    0.4316    0.2547   0.04963   0.07428   0.02678
    67/299     7.57G   0.05613   0.06896    0.0327    0.1578        62       256    0.3589    0.4986    0.4319    0.2549   0.04958   0.07424   0.02673
    68/299     7.57G   0.05607   0.06892   0.03258    0.1576        63       256    0.3576    0.4986    0.4326    0.2556   0.04955   0.07419   0.02668
    69/299     7.57G   0.05606    0.0689   0.03264    0.1576        62       256    0.3576    0.5002    0.4331    0.2563   0.04952   0.07415   0.02664
    70/299     7.57G   0.05599   0.06894   0.03254    0.1575        63       256    0.3579    0.5011    0.4338    0.2569    0.0495    0.0741   0.02661
    71/299     7.57G   0.05594   0.06883   0.03247    0.1572        60       256    0.3574    0.5025    0.4342    0.2577   0.04946   0.07405   0.02656
    72/299     7.57G   0.05593    0.0687    0.0325    0.1571        63       256     0.358    0.5036    0.4359    0.2585   0.04943   0.07401   0.02651
    73/299     7.57G    0.0559   0.06883   0.03234    0.1571        62       256    0.3573    0.5059    0.4365    0.2594    0.0494   0.07397   0.02647
    74/299     7.57G    0.0558   0.06879   0.03229    0.1569        62       256    0.3566    0.5065    0.4371    0.2596   0.04937   0.07393   0.02642
    75/299     7.57G   0.05582   0.06876   0.03225    0.1568        64       256    0.3575    0.5079    0.4376    0.2597   0.04934   0.07391   0.02637
    76/299     7.57G   0.05579   0.06871   0.03224    0.1567        61       256     0.356    0.5086    0.4383    0.2595    0.0493    0.0739   0.02632
    77/299     7.57G   0.05576   0.06862   0.03215    0.1565        64       256     0.357    0.5101    0.4389    0.2597   0.04928   0.07386   0.02627
    78/299     7.57G   0.05568   0.06859   0.03209    0.1564        63       256    0.3555    0.5102    0.4398    0.2604   0.04925    0.0738   0.02623
    79/299     7.57G   0.05567   0.06866   0.03204    0.1564        61       256    0.3559    0.5107    0.4402    0.2606   0.04923   0.07376   0.02619
    80/299     7.57G   0.05565   0.06863   0.03199    0.1563        62       256    0.3557    0.5115    0.4413    0.2613   0.04921   0.07374   0.02617
    81/299     7.57G   0.05564   0.06854     0.032    0.1562        62       256    0.3556    0.5116    0.4417     0.262   0.04919   0.07372   0.02616
    82/299     7.57G   0.05558   0.06853   0.03181    0.1559        64       256     0.356    0.5125    0.4417    0.2624   0.04915    0.0737   0.02614
    83/299     7.57G   0.05555    0.0685   0.03182    0.1559        64       256    0.3558    0.5131    0.4425    0.2626   0.04911   0.07367   0.02609
    84/299     7.57G   0.05549   0.06845   0.03169    0.1556        64       256    0.3549    0.5131    0.4434    0.2636   0.04909   0.07364   0.02605
    85/299     7.57G   0.05548   0.06849   0.03179    0.1558        64       256    0.3552    0.5146    0.4438    0.2643   0.04906   0.07361   0.02601
    86/299     7.57G    0.0554   0.06837   0.03167    0.1554        64       256    0.3558    0.5143    0.4441    0.2644   0.04903   0.07357   0.02599
    87/299     7.57G   0.05536   0.06841   0.03161    0.1554        63       256    0.3568    0.5165     0.445    0.2648     0.049   0.07356   0.02596
    88/299     7.57G   0.05535   0.06842   0.03159    0.1554        64       256    0.3566    0.5174    0.4452    0.2656   0.04897   0.07352   0.02591
    89/299     7.57G   0.05533   0.06838   0.03155    0.1553        62       256     0.357    0.5186    0.4463    0.2659   0.04895   0.07348   0.02587
    90/299     7.57G   0.05526   0.06839   0.03143    0.1551        64       256     0.356    0.5199    0.4466     0.266   0.04893   0.07347   0.02582
    91/299     7.57G   0.05525   0.06831   0.03138    0.1549        63       256    0.3545    0.5189     0.447    0.2666    0.0489   0.07345   0.02579
    92/299     7.57G    0.0552   0.06818   0.03132    0.1547        62       256    0.3547    0.5198    0.4485    0.2677   0.04887   0.07342   0.02576
    93/299     7.57G   0.05516   0.06813   0.03128    0.1546        62       256    0.3553    0.5213    0.4491    0.2685   0.04885   0.07338   0.02572
    94/299     7.57G   0.05512   0.06823   0.03115    0.1545        61       256    0.3546    0.5236    0.4502    0.2693   0.04883   0.07333   0.02566
    95/299     7.57G   0.05509   0.06815    0.0312    0.1544        63       256    0.3527    0.5228    0.4503    0.2696    0.0488   0.07331   0.02562
    96/299     7.57G   0.05507   0.06822   0.03115    0.1544        64       256    0.3521    0.5228    0.4505    0.2696   0.04878    0.0733   0.02558
    97/299     7.57G   0.05506   0.06817   0.03113    0.1544        63       256    0.3526    0.5241    0.4507    0.2702   0.04875   0.07328   0.02555
    98/299     7.57G   0.05499   0.06811   0.03099    0.1541        61       256    0.3528     0.524    0.4516    0.2709   0.04874   0.07325   0.02552
    99/299     7.57G   0.05496   0.06807   0.03096     0.154        62       256    0.3526    0.5244    0.4517    0.2704   0.04871   0.07325    0.0255
   100/299     7.57G     0.055   0.06807   0.03109    0.1542        63       256    0.3537    0.5252    0.4529    0.2713   0.04868   0.07322   0.02549
   101/299     7.57G   0.05491   0.06799   0.03079    0.1537        62       256    0.3535    0.5265    0.4542    0.2722   0.04867   0.07319   0.02546
   102/299     7.57G    0.0549    0.0679   0.03073    0.1535        64       256     0.353    0.5277    0.4553    0.2728   0.04864   0.07317   0.02542
   103/299     7.57G   0.05483   0.06798   0.03065    0.1535        61       256    0.3522    0.5273    0.4549    0.2726    0.0486   0.07314   0.02537
   104/299     7.57G   0.05476   0.06788   0.03069    0.1533        62       256    0.3537    0.5285    0.4557    0.2735   0.04858   0.07313   0.02533
   105/299     7.57G   0.05479   0.06782   0.03065    0.1533        63       256    0.3529     0.529    0.4554    0.2734   0.04855   0.07313   0.02528
   106/299     7.57G   0.05475   0.06792    0.0306    0.1533        62       256    0.3515      0.53    0.4555    0.2742   0.04852   0.07312   0.02524
   107/299     7.57G    0.0547   0.06782    0.0306    0.1531        63       256    0.3522    0.5303    0.4571    0.2753    0.0485   0.07308    0.0252
   108/299     7.57G   0.05465   0.06785   0.03045     0.153        61       256    0.3538    0.5315    0.4578    0.2759   0.04849   0.07307   0.02517
   109/299     7.57G   0.05465    0.0678   0.03045    0.1529        62       256    0.3671    0.5337    0.4584    0.2763   0.04847   0.07305   0.02515
   110/299     7.57G   0.05458   0.06778   0.03038    0.1527        62       256    0.3535    0.5318    0.4572    0.2761   0.04846   0.07301   0.02511
   111/299     7.57G   0.05453   0.06777   0.03032    0.1526        64       256    0.3543    0.5326    0.4585    0.2772   0.04844   0.07297   0.02506
   112/299     7.57G   0.05453   0.06772   0.03033    0.1526        64       256    0.3529    0.5317    0.4587    0.2772   0.04843   0.07292   0.02504
   113/299     7.57G   0.05445   0.06771   0.03015    0.1523        63       256    0.3538     0.533    0.4593    0.2772   0.04842    0.0729   0.02502
   114/299     7.57G   0.05443   0.06763   0.03012    0.1522        64       256    0.3545    0.5329    0.4593     0.277    0.0484   0.07288   0.02498
   115/299     7.57G   0.05442   0.06771   0.03003    0.1522        60       256    0.3547    0.5348    0.4599    0.2776   0.04839   0.07284   0.02492
   116/299     7.57G   0.05437   0.06755   0.03011     0.152        62       256    0.3526    0.5353    0.4606    0.2782   0.04838   0.07281   0.02488
   117/299     7.57G   0.05438   0.06758   0.02995    0.1519        62       256    0.3531    0.5366    0.4609    0.2782   0.04837   0.07279   0.02485
   118/299     7.57G   0.05428   0.06755    0.0299    0.1517        64       256     0.353    0.5377    0.4617    0.2786   0.04835   0.07277   0.02482
   119/299     7.57G   0.05432   0.06747   0.02988    0.1517        64       256    0.3645    0.5389     0.463    0.2799   0.04833   0.07275    0.0248
   120/299     7.57G   0.05421   0.06746   0.02981    0.1515        64       256    0.3645    0.5398    0.4638    0.2803    0.0483   0.07276   0.02477
   121/299     7.57G   0.05419   0.06742   0.02972    0.1513        60       256    0.3652    0.5403    0.4641    0.2803   0.04828   0.07275   0.02472
   122/299     7.57G   0.05414   0.06743   0.02979    0.1514        63       256    0.3641    0.5405    0.4651    0.2811   0.04827   0.07274   0.02469
   123/299     7.57G    0.0541   0.06745   0.02964    0.1512        64       256    0.3655    0.5414    0.4654    0.2814   0.04825   0.07272   0.02465
   124/299     7.57G   0.05407   0.06736   0.02963    0.1511        62       256    0.3653    0.5424    0.4661    0.2815   0.04823   0.07272   0.02462
   125/299     7.57G   0.05409   0.06726   0.02958    0.1509        61       256     0.365    0.5426    0.4666    0.2821   0.04821   0.07271   0.02457
   126/299     7.57G   0.05399   0.06726   0.02943    0.1507        64       256    0.3656    0.5428    0.4671    0.2822   0.04819   0.07268   0.02456
   127/299     7.57G   0.05395   0.06729   0.02936    0.1506        62       256    0.3652    0.5434    0.4671    0.2824   0.04818   0.07266   0.02454
   128/299     7.57G   0.05389   0.06725   0.02934    0.1505        64       256    0.3642    0.5429    0.4671    0.2829   0.04816   0.07265   0.02453
   129/299     7.57G   0.05387   0.06729   0.02924    0.1504        64       256    0.3646    0.5442    0.4678    0.2831   0.04813   0.07262   0.02451
   130/299     7.57G   0.05389   0.06711    0.0293    0.1503        63       256    0.3655    0.5468    0.4684    0.2839   0.04811    0.0726   0.02452
   131/299     7.57G    0.0538   0.06719   0.02917    0.1502        64       256    0.3647    0.5467    0.4688    0.2843    0.0481   0.07256    0.0245
   132/299     7.57G   0.05379   0.06699    0.0291    0.1499        64       256    0.3643    0.5455    0.4693    0.2845   0.04809   0.07253   0.02449
   133/299     7.57G   0.05375   0.06704   0.02903    0.1498        64       256    0.3636    0.5456    0.4693     0.285   0.04807   0.07252   0.02447
   134/299     7.57G   0.05366   0.06702   0.02897    0.1497        64       256    0.3643    0.5473    0.4699    0.2852   0.04805    0.0725   0.02443
   135/299     7.57G   0.05369   0.06695   0.02894    0.1496        64       256    0.3629    0.5469    0.4705    0.2852   0.04802   0.07245    0.0244
   136/299     7.57G   0.05364     0.067   0.02893    0.1496        63       256    0.3617    0.5474    0.4707    0.2856   0.04801   0.07242   0.02438
   137/299     7.57G    0.0536   0.06691   0.02889    0.1494        63       256    0.3619    0.5468    0.4716    0.2869   0.04799    0.0724   0.02435
   138/299     7.57G   0.05352   0.06693    0.0287    0.1492        62       256    0.3643    0.5476    0.4717    0.2871   0.04797   0.07238   0.02432
   139/299     7.57G   0.05354   0.06687   0.02879    0.1492        64       256    0.3639    0.5493    0.4723    0.2873   0.04794   0.07236    0.0243
   140/299     7.57G   0.05346   0.06674   0.02859    0.1488        60       256    0.3629      0.55    0.4729    0.2877   0.04792   0.07234   0.02427
   141/299     7.57G   0.05339   0.06678   0.02844    0.1486        63       256    0.3626    0.5512    0.4737    0.2884    0.0479   0.07232   0.02423
   142/299     7.57G   0.05343    0.0667   0.02852    0.1487        63       256    0.3615    0.5514    0.4732    0.2886   0.04788   0.07231   0.02419
   143/299     7.57G   0.05336   0.06685   0.02844    0.1487        61       256    0.3618    0.5504    0.4745    0.2891   0.04785   0.07229   0.02414
   144/299     7.57G   0.05339   0.06664    0.0285    0.1485        64       256    0.3619    0.5516    0.4748    0.2894   0.04782   0.07226   0.02409
   145/299     7.57G   0.05327   0.06668   0.02832    0.1483        63       256    0.3614    0.5513    0.4748      0.29   0.04781   0.07224   0.02407
   146/299     7.57G   0.05329   0.06669   0.02828    0.1483        62       256     0.361    0.5524    0.4754    0.2906   0.04779   0.07221   0.02405
   147/299     7.57G   0.05322   0.06662   0.02823    0.1481        64       256    0.3614    0.5528    0.4759    0.2904   0.04776   0.07219   0.02403
   148/299     7.57G   0.05317   0.06657   0.02819    0.1479        62       256    0.3613     0.554    0.4759    0.2907   0.04774   0.07218   0.02403
   149/299     7.57G   0.05308   0.06667   0.02805    0.1478        64       256    0.3614    0.5556    0.4763    0.2914   0.04772   0.07217   0.02401
   150/299     7.57G   0.05311   0.06658   0.02816    0.1478        63       256    0.3602    0.5553    0.4768    0.2911   0.04771   0.07213     0.024
   151/299     7.57G   0.05303   0.06634     0.028    0.1474        60       256    0.3602    0.5545    0.4773    0.2916    0.0477   0.07211     0.024
   152/299     7.57G   0.05298   0.06641     0.028    0.1474        63       256    0.3621    0.5571    0.4781    0.2918   0.04769    0.0721   0.02397
   153/299     7.57G   0.05294   0.06646   0.02778    0.1472        62       256    0.3618    0.5557    0.4782    0.2924   0.04766   0.07209   0.02393
   154/299     7.57G   0.05292   0.06629   0.02779     0.147        61       256     0.363    0.5574     0.479    0.2931   0.04764   0.07204   0.02389
   155/299     7.57G   0.05291   0.06636   0.02778     0.147        63       256    0.3618    0.5573    0.4791    0.2934   0.04762   0.07201   0.02384
   156/299     7.57G   0.05287   0.06626   0.02768    0.1468        64       256    0.3614    0.5571    0.4789    0.2932   0.04762     0.072   0.02382
   157/299     7.57G   0.05281    0.0662   0.02761    0.1466        64       256    0.3607    0.5578    0.4795    0.2933   0.04761     0.072   0.02379
   158/299     7.57G   0.05277   0.06615   0.02757    0.1465        63       256    0.3595    0.5562    0.4794    0.2937   0.04759   0.07198   0.02376
   159/299     7.57G   0.05267   0.06619   0.02735    0.1462        64       256    0.3599    0.5583      0.48    0.2939   0.04758   0.07196   0.02374
   160/299     7.57G   0.05265   0.06605   0.02733     0.146        60       256    0.3619    0.5596    0.4809    0.2945   0.04756   0.07194   0.02371
   161/299     7.57G   0.05266   0.06608   0.02737    0.1461        63       256     0.361    0.5607    0.4818    0.2948   0.04755   0.07191   0.02369
   162/299     7.57G    0.0526   0.06599   0.02724    0.1458        64       256    0.3617    0.5602    0.4818     0.295   0.04754   0.07191   0.02367
   163/299     7.57G   0.05257   0.06597   0.02715    0.1457        60       256     0.361    0.5598     0.482     0.295   0.04752    0.0719   0.02365
   164/299     7.57G   0.05249   0.06592   0.02703    0.1454        64       256     0.361    0.5598    0.4817    0.2949    0.0475   0.07188   0.02363
   165/299     7.57G   0.05248   0.06588   0.02709    0.1455        63       256      0.36    0.5596    0.4822    0.2947    0.0475   0.07186   0.02361
   166/299     7.57G   0.05242   0.06582   0.02705    0.1453        62       256    0.3597    0.5589    0.4826    0.2952   0.04749   0.07182   0.02358
   167/299     7.57G   0.05242   0.06593   0.02699    0.1453        63       256    0.3602    0.5608    0.4831    0.2955   0.04746    0.0718   0.02357
   168/299     7.57G    0.0523   0.06591   0.02685    0.1451        62       256    0.3608    0.5627    0.4837    0.2956   0.04744   0.07177   0.02354
   169/299     7.57G   0.05231   0.06588   0.02675    0.1449        64       256    0.3614    0.5634    0.4831    0.2957   0.04743   0.07174   0.02352
   170/299     7.57G   0.05223   0.06566   0.02662    0.1445        64       256    0.3608    0.5632    0.4842    0.2963   0.04741   0.07173   0.02348
   171/299     7.57G   0.05218   0.06565   0.02658    0.1444        62       256    0.3612    0.5628    0.4846     0.297   0.04738   0.07172   0.02346
   172/299     7.57G    0.0522   0.06563   0.02665    0.1445        64       256    0.3608    0.5646    0.4843    0.2965   0.04737   0.07168   0.02342
   173/299     7.57G   0.05207   0.06561   0.02643    0.1441        62       256    0.3609    0.5656    0.4839    0.2965   0.04735   0.07166   0.02339
   174/299     7.57G   0.05197    0.0656   0.02644     0.144        62       256    0.3607    0.5657    0.4848    0.2977   0.04732   0.07165   0.02336
   175/299     7.57G   0.05205   0.06544   0.02636    0.1438        64       256    0.3609    0.5667    0.4846    0.2973   0.04729   0.07166   0.02334
   176/299     7.57G   0.05198   0.06541    0.0263    0.1437        64       256    0.3615    0.5674    0.4852    0.2974   0.04727   0.07165   0.02333
   177/299     7.57G     0.052   0.06546   0.02629    0.1438        63       256    0.3485    0.5648    0.4848    0.2975   0.04725   0.07164    0.0233
   178/299     7.57G   0.05192   0.06539   0.02615    0.1435        64       256    0.3499    0.5655    0.4851    0.2978   0.04723   0.07162   0.02328
   179/299     7.57G   0.05187    0.0653    0.0261    0.1433        64       256    0.3613    0.5667    0.4851    0.2984   0.04721   0.07162   0.02328
   180/299     7.57G   0.05184   0.06531    0.0261    0.1433        63       256    0.3623    0.5672     0.486    0.2988   0.04719   0.07162   0.02329
   181/299     7.57G   0.05176   0.06531   0.02598    0.1431        64       256    0.3619    0.5674    0.4872    0.2996   0.04717   0.07161   0.02329
   182/299     7.57G    0.0517   0.06526   0.02592    0.1429        63       256    0.3622    0.5683    0.4877    0.3004   0.04717   0.07156   0.02328
   183/299     7.57G   0.05167   0.06518   0.02586    0.1427        63       256    0.3618    0.5692    0.4888    0.3012   0.04715   0.07155   0.02327
   184/299     7.57G   0.05159   0.06512   0.02569    0.1424        62       256    0.3625    0.5698    0.4885    0.3012   0.04715   0.07153   0.02324
   185/299     7.57G   0.05159   0.06507   0.02568    0.1423        64       256    0.3497    0.5702    0.4885    0.3011   0.04713    0.0715   0.02321
   186/299     7.57G   0.05152   0.06512   0.02564    0.1423        63       256    0.3549    0.5711    0.4891    0.3016    0.0471   0.07146   0.02319
   187/299     7.57G   0.05152   0.06507   0.02551    0.1421        64       256    0.3563    0.5715     0.489     0.302   0.04709   0.07145   0.02318
   188/299     7.57G   0.05148   0.06489   0.02559     0.142        61       256    0.3559    0.5724    0.4904    0.3028   0.04706   0.07145   0.02313
   189/299     7.57G   0.05139   0.06493   0.02545    0.1418        62       256    0.3548    0.5719    0.4905    0.3032   0.04705   0.07144   0.02313
   190/299     7.57G   0.05133   0.06481   0.02533    0.1415        62       256    0.3553    0.5722    0.4909    0.3031   0.04703   0.07143    0.0231
   191/299     7.57G   0.05129    0.0647   0.02527    0.1413        64       256    0.3549    0.5721    0.4908    0.3032   0.04701   0.07142   0.02309
   192/299     7.57G   0.05125   0.06474   0.02517    0.1412        62       256    0.3553    0.5724    0.4917     0.303     0.047   0.07141   0.02308
   193/299     7.57G   0.05121   0.06472   0.02512    0.1411        64       256    0.3544     0.572     0.492    0.3033   0.04699   0.07138   0.02308
   194/299     7.57G   0.05121    0.0646   0.02505    0.1409        59       256    0.3557    0.5724     0.492    0.3037   0.04698   0.07136   0.02306
   195/299     7.57G   0.05112   0.06452     0.025    0.1406        64       256     0.357    0.5744    0.4925    0.3041   0.04697   0.07134   0.02303
   196/299     7.57G   0.05105   0.06455   0.02489    0.1405        63       256    0.3563    0.5752    0.4937     0.305   0.04695   0.07132   0.02303
   197/299     7.57G   0.05101    0.0646   0.02481    0.1404        63       256    0.3566    0.5761     0.493    0.3049   0.04693    0.0713   0.02302
   198/299     7.57G   0.05096   0.06441   0.02476    0.1401        62       256    0.3566     0.577    0.4938    0.3052   0.04691    0.0713   0.02298
   199/299     7.57G   0.05092   0.06433   0.02466    0.1399        63       256    0.3565    0.5788    0.4947    0.3056   0.04688   0.07127   0.02295
   200/299     7.57G   0.05092   0.06439   0.02462    0.1399        62       256    0.3576    0.5789     0.495     0.306   0.04686   0.07122   0.02292
   201/299     7.57G   0.05081   0.06426   0.02452    0.1396        61       256    0.3577    0.5798    0.4952    0.3063   0.04684   0.07118    0.0229
   202/299     7.57G    0.0508   0.06417   0.02446    0.1394        64       256    0.3568    0.5786    0.4956    0.3065   0.04683   0.07116   0.02288
   203/299     7.57G   0.05071   0.06427   0.02432    0.1393        63       256     0.356    0.5784    0.4967    0.3066    0.0468   0.07115   0.02284
   204/299     7.57G   0.05069   0.06417   0.02427    0.1391        64       256     0.355    0.5787    0.4978    0.3071   0.04679   0.07114    0.0228
   205/299     7.57G   0.05066   0.06402   0.02426    0.1389        63       256     0.356     0.579    0.4981    0.3076   0.04679   0.07114   0.02279
   206/299     7.57G   0.05054   0.06412   0.02418    0.1388        60       256    0.3563      0.58    0.4978    0.3081   0.04678   0.07114   0.02277
   207/299     7.57G   0.05056   0.06395    0.0241    0.1386        64       256    0.3575    0.5798    0.4978    0.3083   0.04677   0.07114   0.02273
   208/299     7.57G   0.05051   0.06393     0.024    0.1384        62       256    0.3564    0.5804     0.498    0.3086   0.04676   0.07115   0.02271
   209/299     7.57G   0.05043   0.06395   0.02407    0.1384        62       256    0.3574      0.58     0.499    0.3094   0.04675   0.07114   0.02269
   210/299     7.57G   0.05039   0.06381   0.02381     0.138        64       256     0.357    0.5815    0.4997    0.3093   0.04674   0.07113   0.02266
   211/299     7.57G   0.05037    0.0638   0.02386     0.138        63       256    0.3558    0.5802    0.4996    0.3097   0.04673   0.07112   0.02265
   212/299     7.57G   0.05024   0.06382   0.02371    0.1378        64       256    0.3539    0.5802    0.4998    0.3098   0.04672   0.07109   0.02263
   213/299     7.57G   0.05017   0.06368   0.02354    0.1374        63       256    0.3544    0.5813    0.5001    0.3095    0.0467   0.07108    0.0226
   214/299     7.57G   0.05021   0.06368   0.02345    0.1373        64       256    0.3559    0.5816    0.5004    0.3101   0.04669   0.07108   0.02261
   215/299     7.57G   0.05013   0.06362   0.02347    0.1372        64       256    0.3565    0.5828    0.5019    0.3108   0.04667   0.07105   0.02259
   216/299     7.57G   0.05009   0.06352   0.02349    0.1371        64       256    0.3574    0.5839    0.5015    0.3106   0.04665   0.07101   0.02259
   217/299     7.57G   0.05004   0.06339   0.02323    0.1367        58       256    0.3579    0.5848    0.5028    0.3114   0.04664     0.071   0.02261
   218/299     7.57G   0.05001   0.06336   0.02333    0.1367        62       256    0.3575    0.5854    0.5035    0.3122   0.04663   0.07098    0.0226
   219/299     7.57G   0.04994   0.06335   0.02316    0.1364        64       256    0.3564    0.5849    0.5034    0.3121    0.0466   0.07097   0.02261
   220/299     7.57G   0.04993   0.06336   0.02316    0.1365        64       256    0.3571     0.586    0.5033    0.3114   0.04659   0.07097    0.0226
   221/299     7.57G   0.04987   0.06323    0.0231    0.1362        62       256    0.3567    0.5862    0.5036     0.312   0.04657   0.07096   0.02257
   222/299     7.57G   0.04981   0.06322   0.02297     0.136        64       256    0.3551    0.5847    0.5034    0.3117   0.04656   0.07095   0.02253
   223/299     7.57G   0.04971   0.06315   0.02286    0.1357        64       256    0.3528    0.5851    0.5035    0.3115   0.04654   0.07096   0.02251
   224/299     7.57G    0.0497   0.06319   0.02278    0.1357        64       256    0.3522     0.585    0.5033    0.3115   0.04653   0.07098    0.0225
   225/299     7.57G   0.04967   0.06305   0.02275    0.1355        61       256    0.3535    0.5866     0.504    0.3118   0.04653   0.07098   0.02248
   226/299     7.57G   0.04963   0.06303   0.02263    0.1353        64       256    0.3531    0.5868    0.5037    0.3118   0.04653   0.07099    0.0225
   227/299     7.57G   0.04952   0.06283   0.02244    0.1348        63       256    0.3553    0.5885    0.5048    0.3125   0.04652     0.071    0.0225
   228/299     7.57G    0.0495   0.06285   0.02247    0.1348        61       256    0.3551    0.5884    0.5052    0.3127   0.04651   0.07098   0.02249
   229/299     7.57G   0.04945   0.06279   0.02246    0.1347        64       256    0.3552    0.5883    0.5057    0.3127   0.04651   0.07097   0.02248
   230/299     7.57G    0.0494   0.06275   0.02232    0.1345        61       256    0.3548    0.5876    0.5052    0.3132   0.04649   0.07097   0.02247
   231/299     7.57G   0.04936   0.06266   0.02228    0.1343        62       256    0.3545    0.5895    0.5056    0.3136   0.04649   0.07095   0.02245
   232/299     7.57G    0.0493   0.06253   0.02216     0.134        64       256    0.3552    0.5892    0.5055    0.3135   0.04649   0.07091   0.02242
   233/299     7.57G   0.04929   0.06248   0.02203    0.1338        63       256    0.3556    0.5903    0.5062    0.3138   0.04649   0.07087   0.02241
   234/299     7.57G   0.04922   0.06244   0.02203    0.1337        64       256    0.3558      0.59    0.5066     0.314   0.04647   0.07085    0.0224
   235/299     7.57G   0.04915   0.06237   0.02196    0.1335        63       256    0.3552    0.5913    0.5069    0.3147   0.04645   0.07082    0.0224
   236/299     7.57G    0.0491   0.06238   0.02187    0.1333        64       256    0.3556    0.5918    0.5073    0.3148   0.04642   0.07083   0.02239
   237/299     7.57G   0.04906   0.06237   0.02183    0.1333        61       256    0.3561    0.5924    0.5077    0.3147    0.0464   0.07082   0.02237
   238/299     7.57G   0.04898    0.0623   0.02172     0.133        63       256    0.3556    0.5909    0.5078    0.3152   0.04639   0.07083   0.02237
   239/299     7.57G   0.04895   0.06221   0.02161    0.1328        64       256    0.3553    0.5905    0.5075    0.3152   0.04638   0.07085   0.02237
   240/299     7.57G   0.04894   0.06215   0.02157    0.1327        64       256    0.3547     0.591    0.5081    0.3161   0.04635   0.07086   0.02236
   241/299     7.57G    0.0489   0.06212   0.02158    0.1326        61       256    0.3548     0.592     0.508    0.3159   0.04634   0.07088   0.02236
   242/299     7.57G   0.04881   0.06198   0.02142    0.1322        64       256    0.3559    0.5924     0.508    0.3163   0.04633   0.07092   0.02234
   243/299     7.57G   0.04877   0.06187   0.02139     0.132        64       256    0.3562    0.5922    0.5082    0.3163   0.04633   0.07094   0.02234
   244/299     7.57G   0.04869   0.06188    0.0213    0.1319        64       256    0.3561    0.5922    0.5082    0.3167   0.04632   0.07095   0.02233
   245/299     7.57G   0.04869   0.06186    0.0212    0.1317        63       256    0.3552    0.5936     0.509    0.3172    0.0463   0.07095    0.0223
   246/299     7.57G    0.0486   0.06178   0.02119    0.1316        64       256    0.3552     0.593    0.5091    0.3169   0.04629   0.07097   0.02229
   247/299     7.57G   0.04865   0.06159   0.02108    0.1313        62       256    0.3552    0.5938    0.5092    0.3177   0.04628   0.07097   0.02227
   248/299     7.57G   0.04854   0.06164   0.02102    0.1312        62       256    0.3539    0.5944    0.5094    0.3178   0.04628   0.07098   0.02225
   249/299     7.57G   0.04853   0.06153   0.02101    0.1311        64       256    0.3552     0.594    0.5084    0.3172   0.04628   0.07099   0.02226
   250/299     7.57G   0.04846   0.06153    0.0209    0.1309        64       256    0.3567     0.595     0.509    0.3169   0.04627     0.071   0.02225
   251/299     7.57G   0.04838   0.06154   0.02081    0.1307        63       256    0.3557    0.5954     0.509     0.317   0.04626   0.07098   0.02226
   252/299     7.57G   0.04838   0.06141   0.02075    0.1305        64       256    0.3564    0.5952    0.5091    0.3175   0.04626   0.07095   0.02229
   253/299     7.57G    0.0483   0.06133   0.02068    0.1303        64       256    0.3547     0.594    0.5089    0.3176   0.04626   0.07094   0.02231
   254/299     7.57G   0.04825   0.06138   0.02063    0.1303        60       256    0.3551    0.5941    0.5091    0.3178   0.04625   0.07093   0.02233
   255/299     7.57G   0.04822   0.06121   0.02055      0.13        64       256    0.3536    0.5942    0.5094    0.3178   0.04624   0.07091   0.02235
   256/299     7.57G   0.04817   0.06116   0.02042    0.1298        63       256    0.3546     0.594    0.5089    0.3181   0.04623   0.07092   0.02236
   257/299     7.57G   0.04812   0.06127   0.02044    0.1298        60       256    0.3558    0.5957    0.5093    0.3183   0.04622   0.07094   0.02236
   258/299     7.57G   0.04803   0.06103   0.02033    0.1294        59       256    0.3572    0.5962    0.5099    0.3184   0.04621   0.07094   0.02237
   259/299     7.57G   0.04805   0.06098   0.02031    0.1293        64       256    0.3556     0.595    0.5099    0.3186    0.0462   0.07093   0.02237
   260/299     7.57G   0.04801   0.06095   0.02018    0.1291        64       256    0.3561    0.5959    0.5104    0.3185    0.0462   0.07093   0.02236
   261/299     7.57G   0.04795   0.06086   0.02014     0.129        61       256    0.3562    0.5953    0.5095    0.3184    0.0462   0.07092   0.02236
   262/299     7.57G   0.04794   0.06084   0.02005    0.1288        64       256    0.3555    0.5954    0.5093     0.318   0.04621   0.07091   0.02236
   263/299     7.57G   0.04787   0.06083   0.02001    0.1287        63       256    0.3553    0.5963     0.509    0.3175   0.04622   0.07092   0.02237
   264/299     7.57G   0.04782   0.06078   0.01994    0.1285        63       256    0.3555    0.5961    0.5092    0.3179   0.04621   0.07093   0.02236
   265/299     7.57G   0.04781   0.06066   0.01993    0.1284        63       256    0.3558    0.5943    0.5092    0.3178   0.04621   0.07093   0.02235
   266/299     7.57G   0.04777   0.06058    0.0198    0.1282        64       256    0.3558    0.5945    0.5092    0.3175    0.0462   0.07095   0.02234
   267/299     7.57G   0.04773   0.06047   0.01978     0.128        64       256    0.3558    0.5954    0.5091    0.3174   0.04619   0.07095   0.02233
   268/299     7.57G    0.0477   0.06052   0.01973     0.128        63       256    0.3568    0.5957    0.5088    0.3176   0.04619   0.07095   0.02235
   269/299     7.57G   0.04768   0.06036   0.01961    0.1277        62       256    0.3567    0.5955    0.5084    0.3177   0.04618   0.07095   0.02236
   270/299     7.57G   0.04765   0.06037   0.01966    0.1277        64       256    0.3564    0.5961     0.509    0.3181   0.04617   0.07096   0.02237
   271/299     7.57G   0.04762   0.06036   0.01962    0.1276        63       256    0.3557    0.5956    0.5094    0.3185   0.04616   0.07095   0.02239
   272/299     7.57G   0.04755   0.06035   0.01951    0.1274        63       256    0.3561    0.5962    0.5093    0.3182   0.04616   0.07096   0.02242
   273/299     7.57G   0.04748   0.06036   0.01943    0.1273        64       256    0.3563    0.5958    0.5091    0.3184   0.04616   0.07097   0.02243
   274/299     7.57G   0.04753   0.06021   0.01948    0.1272        64       256    0.3558    0.5962    0.5095    0.3184   0.04615     0.071   0.02242
   275/299     7.57G   0.04747   0.06018   0.01942    0.1271        62       256     0.356    0.5962    0.5092    0.3183   0.04613   0.07103    0.0224
   276/299     7.57G   0.04744   0.06008   0.01936    0.1269        62       256    0.3561    0.5975    0.5093    0.3185   0.04613   0.07103   0.02239
   277/299     7.57G   0.04744   0.06007   0.01931    0.1268        64       256    0.3549    0.5956    0.5086    0.3191   0.04612   0.07105   0.02239
   278/299     7.57G   0.04737   0.05998    0.0192    0.1265        64       256    0.3561    0.5966    0.5091    0.3188   0.04612   0.07107   0.02239
   279/299     7.57G   0.04737   0.05997    0.0192    0.1266        64       256    0.3546    0.5959    0.5092    0.3193   0.04612   0.07107   0.02236
   280/299     7.57G    0.0473   0.06008    0.0192    0.1266        64       256    0.3544    0.5953      0.51    0.3189   0.04612   0.07109   0.02236
   281/299     7.57G   0.04729   0.05988   0.01915    0.1263        63       256    0.3545    0.5951    0.5099     0.319   0.04612   0.07109   0.02236
   282/299     7.57G   0.04732   0.05981   0.01913    0.1263        61       256    0.3547    0.5958    0.5106    0.3187   0.04611   0.07111   0.02239
   283/299     7.57G   0.04725   0.05992   0.01908    0.1262        64       256    0.3537    0.5953    0.5104    0.3191   0.04609   0.07109    0.0224
   284/299     7.57G   0.04727   0.05978   0.01905    0.1261        64       256     0.353    0.5961    0.5107    0.3192   0.04609   0.07109   0.02241
   285/299     7.57G   0.04722   0.05984   0.01901    0.1261        63       256     0.354     0.597    0.5116    0.3191   0.04608   0.07109   0.02243
   286/299     7.57G   0.04718   0.05976   0.01895    0.1259        63       256    0.3548    0.5957    0.5115    0.3195   0.04607   0.07112   0.02246
   287/299     7.57G   0.04719   0.05979   0.01899     0.126        61       256    0.3543    0.5948    0.5106    0.3191   0.04607   0.07117   0.02247
   288/299     7.57G   0.04717   0.05971   0.01894    0.1258        63       256    0.3548    0.5948    0.5104    0.3192   0.04607   0.07119   0.02249
   289/299     7.57G   0.04716   0.05976   0.01891    0.1258        62       256    0.3538    0.5952    0.5102    0.3192   0.04607   0.07121   0.02253
   290/299     7.57G   0.04709   0.05969    0.0189    0.1257        64       256    0.3542    0.5958    0.5107    0.3196   0.04607   0.07121   0.02251
   291/299     7.57G   0.04714    0.0596   0.01885    0.1256        62       256    0.3544    0.5964    0.5118    0.3198   0.04606   0.07119   0.02248
   292/299     7.57G   0.04713   0.05965   0.01882    0.1256        63       256     0.354    0.5963    0.5116    0.3197   0.04607   0.07116   0.02247
   293/299     7.57G    0.0471   0.05954   0.01882    0.1255        63       256    0.3542    0.5969    0.5115    0.3196   0.04606   0.07116   0.02244
   294/299     7.57G   0.04711   0.05956   0.01876    0.1254        63       256    0.3533    0.5964     0.512    0.3196   0.04604   0.07116   0.02244
   295/299     7.57G   0.04707   0.05958   0.01874    0.1254        61       256    0.3538    0.5967    0.5114    0.3192   0.04603   0.07118   0.02247
   296/299     7.57G   0.04708   0.05958   0.01879    0.1254        60       256    0.3548     0.598    0.5118    0.3189   0.04604   0.07119   0.02249
   297/299     7.57G   0.04708   0.05966    0.0188    0.1255        64       256    0.3536    0.5974    0.5115     0.319   0.04606   0.07118   0.02251
   298/299     7.57G    0.0471   0.05949   0.01875    0.1253        63       256    0.3537     0.597    0.5115    0.3192   0.04606   0.07115   0.02252
   299/299     7.57G   0.04706   0.05951   0.01873    0.1253        60       256    0.3546    0.5979    0.5191    0.3314   0.04605   0.07116   0.02253
